1
100
100009
100020
100023
10013
100159
100162
100164
100167
10017
100179
100189
100198
100242
100280
100281
100312
100365
100370
100382
100414
100416
100418
100423
100431
100471
100483
100484
100519
10054
100542
100567
100607
100614
100629
100635
100671
100680
100701
100732
100738
100762
100768
100778
100860
100875
100881
10090
100915
100924
100939
100951
100965
100984
100986
100994
100998
1010
101008
101047
101061
101079
101090
101100
101106
10111
101127
101136
101153
101175
101185
101187
101225
101233
10127
101277
101298
101327
101347
101368
10137
101396
101405
101413
101419
101434
101445
101495
101514
101519
101541
101548
10156
101564
101593
101625
101635
10165
101654
101662
101681
101685
101723
101747
101760
101815
101837
101839
10185
101869
101878
101882
101901
101903
10192
101927
101952
10196
102000
102003
102004
102051
102052
102063
1021
102106
102146
102158
102166
10220
102205
102217
102225
102233
102257
102300
102301
102331
102342
102356
10237
102374
102389
102393
102435
10247
102475
102509
102510
102513
102517
102548
10260
102600
102619
102623
102633
10265
102671
102674
102684
102704
102721
102740
102770
10280
102815
10282
102829
102837
102843
102850
102853
102859
102868
102871
102916
102921
102927
102943
102949
102954
1030
103018
103028
10307
103074
10309
10312
103124
103128
103155
103173
103187
103192
10322
103268
103279
103306
103308
103310
103334
103348
103356
103363
103389
10339
103424
103429
103437
103443
103523
103538
103553
103557
103604
103609
10362
103620
103641
10365
103653
10366
103686
103712
103739
103775
103793
103802
103805
103858
103865
103879
103906
103907
103924
103926
103976
103990
103997
104015
104041
104043
104081
104082
104083
10409
104099
104126
104150
104175
104183
104192
104221
104248
104279
104330
104388
104393
1044
104403
104425
104429
104436
104442
104451
104453
104461
104462
104479
10448
104498
104511
104512
10455
104555
10459
10462
104638
104651
10466
104661
104673
104678
104716
104728
104745
104746
104748
104764
104774
104781
104787
104794
1048
104806
104823
104840
104873
10488
104885
10492
104929
104945
104958
104962
104987
104989
104995
1050
105006
10501
105039
105040
105043
105044
105061
10508
10511
105122
10514
105141
105156
105182
105237
105275
105279
105295
105299
10530
105307
105350
105357
105362
105371
10538
105380
105409
105413
105441
105449
10545
105450
105454
105463
105469
105498
105512
105518
105533
105536
10557
105581
1056
10560
105627
105642
105690
105709
105735
105751
105763
10579
105792
1058
10580
105826
105838
105856
105867
105876
10588
105901
105934
105984
105987
106045
106046
106068
106111
106123
106131
106138
106149
106156
106164
106178
106188
106189
10619
106204
106218
10622
106285
106347
106359
106360
106369
10637
106371
106374
106395
106405
106407
106416
106439
10647
106490
106496
106577
106581
106600
106604
106609
106614
106621
106645
106654
106682
106690
106691
106693
106699
10671
106738
10683
106835
106850
106882
10690
106932
106938
106948
10695
106961
106980
107012
107015
107018
107027
107058
107066
107094
107104
107108
107110
107153
107203
107210
107226
107262
1073
107326
107328
107356
107375
10741
107414
107426
107480
10750
107503
107515
10752
107530
107559
107581
107583
10759
107590
107598
107605
107613
107629
107641
107653
107685
107689
10769
107691
107701
107711
107715
10772
107730
107747
107748
107757
107771
107781
107782
10779
107794
107823
107841
10787
107880
107902
10793
107974
107976
107999
108
108033
108036
10805
108056
10806
108108
108175
10818
108218
108222
108225
108278
10828
108298
108310
108333
108335
108346
108355
108361
108372
108388
108448
108458
108460
108464
108470
108472
108509
108512
108570
108571
108581
108585
108604
108607
108615
108617
108658
108674
108676
1087
108739
10874
108741
108759
108776
10879
108813
108820
108832
108842
108876
108877
108882
108922
108962
10898
108987
108990
108992
109057
109059
10907
109070
109080
10911
109114
109196
109219
109235
109246
10926
10928
109280
109313
109345
109350
109379
109388
109400
109418
109435
109466
109503
109504
109523
10953
109542
109563
109589
109597
109602
109606
109612
109615
109664
109700
109702
109723
109731
109743
109760
109777
109797
109803
109808
10981
109828
109830
10985
109850
109866
109886
10989
1099
109903
109930
109939
109940
109989
11
110000
110027
110082
11009
110109
110191
110266
110272
11028
11029
110297
1103
110320
110354
110362
110365
110379
110394
110395
110402
110405
110433
110439
110441
11046
110462
110467
11049
110496
110505
110537
110539
110563
110573
110607
110613
110625
110656
110693
110697
11070
110711
110715
110732
110771
110773
110775
110782
110791
11080
110808
110830
110843
110859
110872
11088
110892
110906
110974
110975
110978
110982
111003
111006
111018
111025
111065
111074
111078
111082
111101
111113
111118
111119
11115
111168
111176
111178
111184
111198
11120
111200
111213
111232
111237
11127
111285
111286
11129
11131
111310
111325
111326
111336
111356
111385
111396
111426
111446
111447
111461
111474
111487
111515
111521
111529
111560
111588
111595
1116
11161
111637
111644
11165
111656
111660
111669
111672
111722
11173
111743
111766
11178
111786
111787
111808
111821
111852
111866
11191
111944
11196
111979
112
112023
112026
11203
112055
112083
11210
112114
112144
112156
112213
112300
112323
11233
112373
112381
112390
112399
11240
112405
112406
112410
112425
112447
11245
112451
11247
112481
112494
112504
112516
112519
112524
112547
112551
112597
11262
11268
112709
112745
112747
112748
112753
112767
112790
112817
112820
112823
112835
112843
112847
112884
112889
112911
112927
112949
112960
112961
112968
112977
112991
112997
113002
113006
11301
113028
113061
113062
113064
113069
113079
113105
113149
113174
113178
113204
113244
113259
11327
113270
113280
113294
11330
113311
113312
113332
113339
113373
113380
113397
113404
113414
113417
113432
113465
113477
1135
113505
113507
113520
113566
113596
113616
113617
113622
11363
113656
113660
113676
11368
113698
113709
113712
113721
113724
113726
11373
11376
113768
113806
113813
113817
11384
113879
113905
113917
113942
113962
11402
114131
114142
114154
114159
114191
114207
114272
114283
114287
114300
114305
114306
11432
114329
114344
114357
114373
114375
114388
1144
114424
114434
114464
114465
114485
114501
114547
114554
114558
114580
114584
114594
114611
114639
114691
114700
114703
114755
114779
114804
114808
114839
114860
114875
114887
114894
114917
114920
114924
114944
114974
11499
115030
115051
115163
115214
115221
115224
115236
115292
115296
115300
11531
115310
115320
115347
115351
11536
115401
115424
115504
11551
115515
115524
115525
115552
11556
11557
115596
11560
115606
115616
115624
115632
115637
115644
115652
115658
11566
115662
115700
115715
115798
115824
115835
115857
115862
11588
115899
115914
115916
115926
115943
11597
115985
11599
116019
116020
116025
116029
116038
116041
116044
116057
116091
11616
116164
116171
116173
116175
1162
116202
116203
116285
11629
116315
116318
11633
116349
116350
116376
116414
116420
116423
116445
116483
1165
116500
116621
11663
116643
116651
116664
116718
116735
116740
11677
116771
116778
116800
116826
116830
116835
11684
116868
11687
116916
116929
116943
116961
117
11704
117066
11707
117083
117098
117125
117133
117135
117142
117158
117177
117187
117210
117213
117217
117232
11729
117321
117364
117419
11743
117457
117466
117472
117487
1175
117503
117583
117587
117600
117608
117624
117625
117631
117640
117668
117686
117687
117694
117705
117708
117720
117754
117758
117762
117774
117778
11781
117849
117882
117933
117946
117948
117964
117970
117975
117976
117999
118012
118058
118063
118072
118111
11812
118130
118136
11814
118167
118196
1182
118201
118202
118207
11821
118212
118281
118298
118321
118339
118358
118385
118388
118410
118412
118444
118493
118503
118507
118519
118554
118587
118592
118615
118616
118624
11870
118700
118712
118724
118763
118780
118791
118813
118833
118852
118856
118888
118908
11894
118941
118947
118960
118974
118976
119010
119017
119045
119055
11908
119111
119118
119129
119134
119135
119145
11915
119151
119159
119171
119190
119228
119239
119263
119273
119301
119332
119337
119358
119374
11939
119405
119431
119432
119464
119474
119476
119504
119510
119537
119588
119596
119607
119614
119635
119638
119664
119693
119694
1197
119706
119733
119745
119761
119780
119786
119810
119828
119837
119858
119863
119865
119899
119921
119953
119988
120015
120064
120066
120068
120074
120075
120087
120095
120139
120209
120210
120214
120232
120250
120251
120272
120290
12031
120323
120331
120336
120345
120347
120349
120356
120365
120370
12040
120422
120456
12047
120491
120521
12054
120542
120565
120570
120578
120588
120615
120640
120648
12065
120652
12067
120689
120691
120693
120748
120764
120809
120853
120887
120891
1209
120902
120949
120999
12100
121002
121042
121045
121048
121054
121057
12106
121101
121108
121115
121123
12115
121164
121197
12120
121229
12123
121245
121328
121331
121341
121348
121362
121371
121410
121416
121436
12155
121577
12159
121594
121615
121617
121628
121629
121634
121651
121675
121679
12170
121713
12174
121758
121799
12180
121850
121897
121943
121994
121999
12202
122022
122026
122043
122073
122077
12208
122085
122122
122141
122144
122171
122185
122208
122214
122226
122267
122280
122335
122396
122403
122409
122430
122457
122460
122461
122471
122480
122482
122494
122534
12255
122572
122608
122647
12265
122658
122670
122695
12271
122756
122759
122765
122801
122807
122814
122858
122867
122890
122927
122929
122939
122952
122959
122970
122972
122975
122977
122986
122996
123001
123002
123012
123052
123064
123078
123099
123142
123154
123159
123168
123182
123188
12319
123219
123229
123233
123234
123277
123286
123314
123334
123336
123360
123362
123380
123389
1234
123423
123439
12344
123457
123459
123461
123468
123518
123526
123585
123597
12362
123639
123653
123694
12370
123715
123723
123748
123760
123781
123795
12381
123827
123838
123852
123853
123863
123864
123886
123889
123924
123930
123971
123974
123977
12401
124015
124023
124077
124088
124093
124095
124123
124138
124146
124151
124189
124194
12420
124218
124219
124228
124261
124266
124283
124300
124304
124322
12435
124371
124375
124395
12443
12444
124444
124476
124498
124523
124548
12455
124551
124559
124570
124585
124590
124593
124595
124624
12465
124659
124663
124671
124674
124694
1247
124719
124729
124738
12475
124752
124763
124766
124779
124783
124789
124791
12483
124846
12486
1249
124900
124972
124982
124995
125070
125099
125168
125192
125204
125214
125217
125227
125231
125235
125240
125258
125266
125297
125334
125336
125351
125359
125437
125443
125449
12545
125472
12548
125491
125519
12553
125549
125559
12556
125562
12557
12558
12560
125604
125617
125622
125632
125659
12566
125664
125702
125712
125718
125721
125744
125833
125838
125865
125879
125895
12590
12591
125920
125928
125982
126031
126045
126046
12605
126057
126062
126090
126093
126098
126107
126112
126113
126156
126164
126169
126170
12619
12624
126240
126250
126260
126263
126289
12629
126303
126310
12634
126373
126380
126422
126475
126477
1265
126509
126526
126549
126568
126572
126607
12663
126652
126656
126660
126685
126728
126743
126747
126769
126834
126844
126848
126860
126865
126867
127028
127042
127053
127098
127102
127104
127109
127120
127123
127137
127154
127161
127171
127205
127231
127311
127333
127349
127385
127386
12739
127400
127407
127421
127425
127444
127462
127464
127471
127472
127485
127498
127499
127539
127541
12756
127563
127570
127574
127591
127608
12761
127610
127617
127633
127638
127674
127676
127699
127704
127708
127725
127729
127733
127742
127759
127764
127780
12779
127791
127806
127883
127935
127949
127987
127990
128000
128029
12807
128073
128078
128084
128085
128113
12814
128149
128215
128222
128224
128264
128268
12827
12829
128307
128340
128350
128367
128380
128401
128407
12843
128431
128433
128450
128457
128462
128490
128494
128537
128541
128553
128566
128576
128605
128611
128647
128657
128693
128710
12872
128735
128760
128780
128790
128797
128798
128836
12888
128900
128941
128946
128962
128979
128992
128995
129
12900
129029
129042
129056
12909
129105
129124
129128
129162
12919
129195
129216
129230
129294
12932
129320
129323
129332
129333
12936
129363
129367
129371
129374
129379
129406
12941
12942
129425
129432
129433
129441
129455
129488
129512
129538
129551
129556
129574
12959
12961
129619
12962
129623
129630
129647
12966
129680
129713
129718
12974
129747
12975
129753
12976
129783
12979
1298
129813
129820
129831
129857
12986
129860
129881
12989
129925
129939
12994
12995
129954
129955
129974
129998
130076
130090
130113
130125
130171
13018
130180
130188
1302
130234
130239
130253
130260
130268
130284
130294
130298
1303
130304
13036
130371
130381
130426
130432
130442
130447
130522
130524
130546
13055
13062
130621
130652
130661
130675
130684
130689
130696
13071
130755
130783
130785
130786
130797
130840
130846
13085
130858
130883
130885
130897
130901
130904
130907
130911
130916
130945
130953
130955
130964
130966
130982
130986
130989
130993
131
131023
131027
131037
131060
131064
131094
131098
131111
131129
13113
131206
131226
13123
13127
131275
13128
13129
131296
131305
131334
131347
131350
131357
131380
131388
131410
131413
131425
131434
131438
131440
131442
131460
131465
131468
13147
131472
131473
131474
131475
131477
131490
131495
131497
131565
131587
131591
131600
13164
131648
131668
131680
131704
131715
131723
131734
131736
131737
131749
131753
131803
131834
131838
131839
131840
131849
131868
131875
131879
131895
131910
131933
131937
13195
131971
131985
1320
132003
132011
132102
132126
132152
132167
132191
132202
132222
132231
132256
132278
132287
132289
13229
132345
132353
132355
132364
132367
132401
132419
132452
132474
132475
132511
132523
132545
132549
132557
132609
132622
13265
132662
132664
132677
132683
132721
132745
132747
132751
132770
132774
132779
132782
132784
132799
132806
132857
132876
132954
13296
132972
132994
132995
13300
133003
133005
133019
133021
133062
133079
133108
133109
133112
13312
13313
133138
133142
133156
133214
133215
133218
13322
133230
13328
133307
133356
133380
133395
1334
13340
133424
13344
133456
133487
13349
13350
13353
133548
133555
133571
133587
133612
133619
133620
133634
133645
133701
133705
133712
133735
13377
133783
133812
133848
133855
133869
133899
133917
133919
133940
133946
134015
134082
13410
134109
134117
134138
134183
134198
1342
134218
134223
134224
13424
134249
134264
134270
134275
134281
134289
134311
134320
134323
134333
134365
134367
134408
13441
134438
134439
134450
134456
13446
134464
134493
134495
134547
134554
134577
13458
134584
134647
134653
134674
134675
134700
134703
134709
134777
134832
134834
13484
134847
134855
134888
134906
134920
134922
13496
134966
134967
134986
135000
135017
135036
135037
135054
135061
135091
135105
135106
135109
13513
135141
135151
135156
13519
135194
135202
135239
135252
135254
135265
13527
135298
135310
135326
13538
135412
135418
135448
135449
13552
135532
135549
135564
135573
13558
135582
135592
135597
135617
13562
135627
135667
13567
13570
135745
135777
135807
135829
135875
135933
135938
135952
135993
136
13603
136049
136065
136112
136120
136124
136129
136155
136162
136175
13618
136202
136209
136232
136236
136242
13630
136316
136343
136348
13635
13636
136381
136389
136391
136435
136437
136446
136473
136475
136480
136481
136483
136490
136492
136528
13654
136542
136560
136583
136621
136622
136654
136664
136670
136681
136688
1367
136701
136731
136739
136769
136782
13679
136792
136808
13681
136828
136840
136844
136848
136859
136867
136875
136937
136994
137006
13701
137089
137116
137125
137159
137160
13718
137181
137198
137212
137302
137308
137313
137320
137331
137349
137359
137371
137378
13739
137424
137464
13749
137490
137492
137519
137562
137570
137587
137624
137645
137666
13772
137780
137784
137814
137891
137928
137939
137968
137974
137980
137982
137994
138007
138028
138033
138044
138053
138079
138082
138089
138136
138149
138155
138174
138178
13819
138191
138253
138257
138263
138265
138268
138270
138296
1383
138307
138312
138329
138390
1384
138416
138431
138436
138444
138475
138479
138483
138494
138497
138501
138504
138514
138518
138544
13855
138555
138562
138579
138589
138596
138599
1386
138600
138608
138614
138626
138660
138661
138674
138695
138700
138740
138742
138777
138782
138789
138799
138817
138831
138856
13886
138865
138868
13887
138871
138878
138896
13890
138904
138932
138936
138945
138947
138961
138976
138988
13899
139000
139002
139017
139041
139067
139069
13907
139070
139071
139089
139101
139117
139131
13914
139143
139163
139174
139179
139197
1392
139207
139217
139218
139219
139220
139230
139274
139322
139329
139339
139341
139364
139366
139369
139382
139413
139425
139430
13944
139457
139465
139474
139480
139500
139503
139512
139516
139519
139532
139560
139579
139585
139588
13960
139623
139643
139654
139678
139723
139750
139752
139796
1398
139816
139833
139848
139855
139870
139897
13990
139903
139968
139981
1400
140038
140085
140120
140130
140132
140139
140151
140154
140201
140204
140208
140241
140265
14032
140368
140399
140403
140437
140477
140542
140552
140561
140572
140619
140626
14063
140632
140642
140657
140658
14067
140692
140713
140714
140715
14077
140788
140864
140876
14089
140911
140916
140930
140942
140961
141007
14101
141031
141035
141052
141064
141079
141099
141106
141159
141165
14117
141187
1412
141211
141218
141233
141239
141253
141255
141293
141329
141334
141404
141409
141448
141451
141473
141487
14150
14152
141527
141536
141548
141570
141614
141619
141620
141627
141633
141657
141666
141674
141683
141696
141720
141721
141738
141751
141752
141764
141779
141783
141801
141832
141841
141845
14186
141861
141866
141870
141878
141905
141906
141919
141922
14195
141960
141961
141980
141991
141994
141995
142004
142023
142024
142037
142089
142104
142112
142127
14213
142132
14216
142163
142178
142189
142191
142224
142243
142246
142256
142268
142300
142304
14232
142324
142345
142361
142386
1424
142401
14243
142432
142464
142477
142491
142492
142507
142535
142537
14254
142545
142573
142586
14259
142594
142604
142619
142627
142638
142660
142661
142669
14267
142673
142678
142688
142689
142695
142709
142724
142736
142768
142771
142777
142789
142823
14284
142849
14286
14288
142881
142886
142896
142898
142919
14295
142954
142976
142989
143010
143083
14309
143150
143151
143156
143159
143164
14318
143187
143188
143217
143218
143230
143234
143243
143249
143253
143272
143294
143305
14331
143356
143370
143379
1434
143407
143415
143420
143473
143498
143525
143531
143551
143579
143594
143623
14364
143648
143671
143680
143681
1437
143731
143737
143752
14376
143769
143772
143801
143816
143818
143875
143913
143915
14392
143937
14395
143979
143980
143991
144002
144011
144013
144016
144045
144063
144078
144088
144100
144105
144107
144148
14415
144165
14419
144205
144247
144248
14425
144270
14428
144280
144293
144332
144342
144354
144387
144393
144394
144397
1444
144447
14445
144451
144458
144463
14451
144558
144590
144604
144607
14461
144618
144623
144626
14464
1447
144745
144755
144762
144777
144778
14478
144794
144803
144825
144834
144841
144843
144851
144881
144895
144905
144906
144921
144931
144935
144940
144955
144976
145
145004
145005
145030
145031
145040
145075
145084
145096
145097
145153
145158
14516
145163
145166
14517
145173
145184
14520
14522
145220
145228
145236
14525
145252
145254
145364
145376
145388
145401
145410
145430
145450
145464
145478
145480
145485
145494
145523
145532
145544
145551
145561
145575
14558
145585
145593
145595
145629
145635
145655
145657
145675
145690
145717
145735
145750
145756
145762
145768
145776
14579
145810
145828
145865
145875
145877
145888
145916
145927
145938
145947
145954
145967
145971
145982
145992
145997
146003
146013
146018
146019
146026
146037
146046
146056
146059
14606
146066
146075
146087
146097
146102
146112
146139
146189
146190
14622
146232
146234
146235
146266
146288
146298
146312
146333
146342
146348
146349
146364
146385
146398
146400
146403
146431
146433
146436
146448
146449
146458
146462
146466
146467
146468
146485
146493
146501
146508
146510
146525
146534
146543
146555
1466
146607
146608
146638
146656
146671
146675
146677
146687
146717
146760
146773
146798
14680
146809
146832
146834
146835
146842
146849
146868
1469
146900
146915
146926
146929
146931
146938
146947
146953
146982
146999
147003
147012
147031
147035
147039
147055
147056
147089
147094
147113
147119
14712
147136
147138
147144
147151
147162
147167
147176
147178
147188
147204
147216
147220
147226
147237
147340
14735
147359
147362
147363
147378
147381
14739
147439
147454
147456
147459
147482
147503
147509
147514
147549
147564
147566
147585
147603
147615
147618
147626
147637
147661
147708
147742
147754
147764
147782
147788
147805
147808
147811
147819
147838
147841
147850
147855
147870
147874
147877
147879
14788
147886
147887
147888
147904
147915
147933
147936
147958
147965
148000
148017
14802
148021
148051
148059
148060
148061
14810
148110
148127
148133
148136
14815
148191
148196
148210
148215
148219
148254
148264
148267
148270
148277
148293
148298
148310
148323
148332
148335
148348
148358
148362
148382
148386
148392
148399
148408
148413
148453
148454
148460
148464
148511
148514
148547
148552
148578
148579
148582
148583
148587
148590
148658
148668
148679
148704
148714
148723
148724
148757
148766
148773
148782
148797
148814
148839
148845
148893
148902
148911
14893
148941
148949
148970
148982
148993
148994
149005
14901
149019
149020
149024
149026
149027
149050
149102
149123
149131
149133
149134
149152
149166
149169
149174
149186
149190
149195
14920
149208
149209
149210
149212
149222
149238
14926
149276
149295
149299
1493
149329
149340
149357
149362
149401
149403
149407
149417
149476
149480
149509
14951
149528
149579
149609
149619
149631
149632
149657
14966
149680
149696
149703
149704
149716
149722
149737
149795
149798
14981
149813
149833
149854
149868
14987
149871
149872
149880
149895
149911
149918
149927
149944
149985
149999
1500
150000
150022
150023
150025
150029
150056
150081
150095
150102
150124
150125
150157
150165
150166
150190
150206
150218
150249
150262
150292
150362
150376
150395
150430
150441
150449
150470
15049
150496
150501
150502
150524
150528
150538
150553
150555
150570
150582
150610
150649
150691
150697
150703
15071
150721
150737
150738
150803
150810
150814
150888
150889
150931
150933
150982
150985
150987
150988
151
151088
151092
151097
151130
151156
151198
151245
151246
151251
151259
151297
151310
15135
151353
151398
151419
151427
15143
151434
151446
151452
151466
151532
151536
151565
151569
151586
151593
151618
151630
151673
151691
151737
151755
151756
151773
151775
151778
151817
15185
15188
151882
151928
151958
15198
151995
152025
152059
152061
152064
152093
152097
152145
152149
15215
152157
152186
15222
152224
152231
15224
152240
152245
152260
152268
152280
152281
152334
152338
152342
152343
15237
1524
152405
152436
152438
152475
152488
152504
152531
15254
152543
152551
152556
152559
152578
152587
152588
152590
1526
152610
152627
152632
152638
152648
152696
152710
152722
152725
152745
152769
152773
152851
152870
152873
152936
152953
152958
15302
153024
153062
153078
153093
153114
153131
153144
15315
153159
153164
153167
153178
153184
153190
153213
153232
153238
153248
153257
153263
153269
153296
153299
153302
153307
153345
15336
153385
153413
153420
15343
153433
153439
153453
153483
153511
153523
153534
153554
153563
15357
153570
153590
153598
153632
153633
153635
153636
153638
153681
15369
153695
153705
153708
153727
153755
153760
153782
153791
15382
153853
15386
15387
15389
153906
153934
15394
153970
1540
154009
154014
154018
154029
154084
154101
154116
154123
154146
154162
154166
154171
154182
15419
154216
154226
154229
154243
15425
154254
154257
154264
1543
154342
15435
154352
154371
154410
154423
154431
15447
154473
15448
154529
15455
154550
154568
154582
154588
154595
154620
154631
154649
15472
154731
154751
15478
154792
154831
15484
15485
154859
154873
154928
154931
154937
154958
154989
154991
154999
155018
155031
15504
155056
155059
155082
155101
155111
155131
155138
155170
1552
15520
155230
15524
155245
155284
155285
155312
155320
155336
155373
15539
155394
155412
155429
155433
1555
155516
155539
155557
155566
155570
155586
155633
155638
155659
155693
155751
155774
155794
155841
155848
155861
155878
155880
155898
155916
155925
155943
155991
156001
156012
156019
15602
156021
156071
156105
156116
156134
156135
156167
15617
15618
156204
156234
156248
15628
156281
156296
156356
156358
156407
156420
156476
156481
156505
156514
156553
156568
156602
156639
156663
156687
156699
156711
156750
15677
15680
156804
156834
156841
156846
156859
156867
15687
156908
156922
156939
156982
157072
157088
157132
1572
157219
157231
157235
15724
157264
157276
157329
157390
157425
157447
157474
157482
157491
157495
157504
157505
157530
157572
157636
157657
157666
157747
157773
157777
157805
157808
15781
157827
157932
157937
157945
157968
15797
157988
158048
15805
158051
158078
158082
158138
158144
158147
158164
158168
158185
158234
158262
158293
158296
158305
158321
158335
158364
158380
158409
158414
158421
158441
158473
158488
158489
15849
158490
158492
158501
158512
158513
158529
158543
158561
158567
158588
1586
158601
158688
158693
158742
15875
158752
158765
158769
158785
158796
158807
158819
158837
158860
158899
158912
158915
158920
158957
158971
158979
15901
159030
159077
159172
159191
159214
15922
159233
159236
159243
159277
15931
159331
159350
159353
159362
159365
159384
15940
159400
159418
159440
159452
159534
159614
159629
15963
159656
159679
159759
159766
159774
159785
159790
159808
159817
159882
1599
15990
159943
159956
15998
160020
160056
16008
160084
160185
160229
160233
160236
160284
160301
160324
160408
160411
160421
160425
160444
160452
160458
160461
16048
160490
160493
160514
160516
160519
160523
160537
160554
160565
16057
160588
160590
160619
160655
160669
16068
16069
160729
160816
160818
160822
160823
160824
160844
160845
160850
1609
16091
160944
160989
160996
161011
161062
161077
161098
161140
161165
161167
161199
161204
161209
161225
16126
161278
161295
161333
161338
161347
161365
161368
161387
161434
161472
161507
161564
161576
161585
161640
16165
161676
161697
161704
16171
16179
161828
161858
161871
1619
161956
161963
161987
161991
162001
162030
162076
162156
162166
162178
162180
162191
16220
162225
162243
162250
162259
162297
162317
162323
162326
162332
162333
16235
162396
16241
162413
162452
162476
16255
162598
162658
16266
162668
162674
162722
162724
162773
162784
162786
162837
162869
162870
162884
162915
162927
162944
162946
16295
162957
162971
163006
163011
163020
163048
163049
163073
163091
163108
163113
163151
16317
163173
163217
163228
163232
163294
163299
163303
163368
163424
163453
163459
163497
163552
163627
163653
163675
163677
163686
163688
163723
16375
163755
16378
163804
163851
16387
163927
163945
163973
164001
164037
164062
164081
164083
164093
164116
164130
164159
164162
164168
164172
164184
164189
16420
164204
164244
164290
164318
16432
164335
16434
164342
16442
164460
164474
16449
164520
164529
164560
164564
16457
164589
164601
164611
164622
164661
164664
164707
164729
164783
164852
16490
164905
16499
1650
165018
165033
165037
165042
16508
165123
165126
16515
16517
165191
165219
165230
16528
16536
165371
165419
165453
165466
16549
165504
16552
165539
165564
165587
16559
16561
165612
16566
165671
165673
16571
16606
16614
16617
16629
1663
16632
16634
16659
16667
16679
16741
16751
16775
1678
16796
16832
1684
1686
16864
16873
16887
16890
16892
16914
16922
16926
16937
16944
16951
16952
16990
17
17001
17027
17033
17037
17041
17065
17070
17074
17077
17128
17136
17140
17150
17151
1717
17173
17190
17191
17219
17220
17234
17243
17264
17266
17268
17280
17296
17297
17305
17308
17348
1735
17359
17361
17388
174
1740
17405
17424
17433
17493
175
17523
17545
17546
17554
17558
17573
1758
17588
17614
17634
17641
17643
1765
17660
17667
1770
1771
17711
17725
17736
17753
17756
17769
17790
17801
17816
17827
17834
17851
17864
17887
17902
17920
17925
1794
17950
17983
18075
18087
18098
18111
18121
18151
18156
18202
18231
18266
18268
18291
18336
18344
18347
1835
18350
1837
1839
18399
18446
18450
18451
18490
18508
18509
18513
18518
18528
18552
18595
18611
18617
18618
18620
18682
18692
18702
18723
18757
18758
1876
18764
18774
18797
18805
18811
18812
18821
18830
18836
18839
18841
18845
1885
18861
18892
18921
18934
1894
18957
18973
19006
19010
19031
1904
19053
19059
19071
19079
19084
1909
19097
19104
19136
19144
1916
19164
1917
19171
19174
1920
19211
19227
19232
19252
19257
19269
193
19317
19322
19337
19354
19360
1940
19400
19403
19416
19425
19435
19449
19463
19489
19500
19509
1952
19536
19539
1954
19540
19557
19563
19564
19584
19590
19623
1963
19637
19648
19671
19679
1968
1969
19693
19699
19719
19720
19743
19771
19775
1979
19842
19849
19874
19888
19906
19950
2
20012
20015
20048
20070
20074
20075
20086
20092
20123
20136
20146
20196
20197
20220
20251
20292
20298
20311
20313
20324
20327
20335
20348
20359
20361
2038
20397
20420
20422
20439
20452
20469
20473
20516
2054
20564
20567
20598
20627
20628
20630
20657
20717
20718
20729
20746
20751
20755
20768
20785
20793
20816
20824
20846
20868
20923
20946
20949
20969
20977
21068
21080
2109
21108
21166
21188
21197
21229
21235
21243
2126
2127
21286
21302
21307
21341
21361
21389
21395
21414
21451
21460
21475
21492
215
21520
21521
21526
21565
21580
21583
21622
21641
21674
2170
21714
2175
21766
21784
21800
21814
21828
21831
21844
2186
21867
21874
21880
21898
21943
2197
2199
21996
22013
2204
22053
22075
2208
22101
22109
2211
22120
22131
22134
22137
22147
22178
22195
22197
22227
22236
22272
2228
22294
22313
2232
2233
22338
22342
22363
22375
22386
2240
22412
22420
2243
22434
2244
22441
22465
22474
2248
22502
22503
22505
2251
22531
22548
22566
22600
22616
22618
22653
22681
22700
22713
2275
22781
2279
22799
22800
22843
22850
22855
2286
22861
22868
22871
22881
22887
229
22919
22921
2293
22989
22993
2300
23008
23027
23062
2309
23094
23113
23115
23117
2312
23142
23204
23227
23258
23259
2328
23282
23306
23318
2332
23327
2333
23354
23363
23365
23389
23435
23440
23498
23517
23523
2353
23535
23541
23549
2355
23562
23563
23565
23573
23588
236
23619
2362
23697
23698
23704
23710
23713
23739
23759
23790
23796
23861
23872
23883
23884
23895
2392
23935
23967
23988
24
24028
24030
24033
24040
24042
2405
24052
24069
24074
24083
24089
24097
241
24108
24207
24217
24242
24265
24287
24291
243
2431
24329
24361
24398
24411
24434
24437
24448
24474
2448
24502
24511
24518
24522
24566
24584
24591
24596
2460
24604
24610
24613
24669
24677
24684
24697
24704
24719
24723
24725
24729
2474
24744
24754
24768
24771
2478
24792
24808
24816
24824
24827
24853
24875
24877
24890
24902
24903
24904
24919
24948
25
25005
25043
25054
2506
2509
25123
2514
25151
25157
25158
2517
25177
2518
25187
25189
252
25217
25220
25221
25227
25237
25243
25247
2527
25273
25278
25285
25322
25328
25334
25335
25360
25370
25375
25430
25451
25466
2547
25474
25475
25483
25484
25494
25498
255
25506
25528
2554
25540
25541
25542
25548
25553
25561
25590
25609
25610
25611
25613
25627
2564
25653
25662
25666
25682
25696
25697
257
25700
2571
25729
25734
25756
25758
25778
25779
25788
25790
25831
25835
25842
25843
25852
25855
25862
2587
25871
25884
25887
25898
25913
25922
25926
25934
25942
25951
25972
25987
25994
26010
26025
26040
2605
26076
2608
26083
26104
26120
26172
26202
26207
26259
26266
26289
26307
26310
26311
26353
26390
26414
26436
2647
26480
26501
26512
26520
26522
26534
26539
2656
26588
26613
26623
26655
26658
2666
26687
2670
26732
26755
26762
26763
26780
26788
26793
2683
26832
2689
26896
26920
26922
26926
26960
26972
27006
2702
27025
27062
27066
2707
27079
27134
27151
27164
2720
27215
27217
2722
27221
2723
27250
27276
2728
27331
27343
27361
27439
27450
27464
27478
27481
27528
27536
27588
27593
27601
27602
2764
27645
27654
2766
27670
27672
27696
27698
27724
27751
27752
27786
27789
27791
27819
27826
27827
27838
27848
27884
27945
27948
27951
28011
28022
28026
28050
28084
28098
28107
28174
28182
28205
28224
28229
28234
28240
28241
28276
28277
2832
28329
28334
28335
28338
28373
28411
28441
28444
28457
28458
28498
2854
2855
28560
28564
28565
28571
28581
28598
28607
28620
28648
28655
28696
2870
28727
28742
28751
28754
28756
28763
28768
28772
2879
28804
28817
28842
2889
28899
28926
28943
28949
2896
28984
28995
290
29030
29049
29064
29083
29084
29107
29121
29128
29153
29154
2916
29160
29163
29178
29198
29234
29261
29263
29309
29367
29371
29376
29401
2946
29472
2951
29521
29560
29576
29595
29602
29604
29615
29619
2963
29699
29708
29719
29746
29756
29764
29777
29780
29783
29784
29818
29853
29858
2986
29867
29899
299
29904
29906
29913
2993
29973
29974
29992
300
30030
30059
30086
30087
3009
30100
3012
30157
30158
30178
3021
30210
30212
30246
3025
30259
30266
30269
30270
30272
30292
3031
30319
30339
30352
30354
30356
30361
30376
30390
30401
30402
30420
3044
30440
30490
30501
3052
30546
30550
30557
30578
30587
30614
30621
30628
30640
3065
30661
30691
30704
30713
30715
30720
30734
30737
30769
30772
30778
3078
30785
308
30802
30809
30825
30826
30840
30842
30846
30853
30862
30864
30868
3087
30874
30876
30901
30903
3093
30952
30960
30977
30985
30995
30997
31027
31030
31042
31047
31075
31078
31104
31122
31163
31180
3121
31220
31258
31314
31347
31406
31414
31426
31439
31459
31464
31468
31524
31528
31542
31545
3155
31550
31562
31573
31585
31625
3165
31669
31710
31739
31747
31753
31770
31773
3178
31785
31808
31837
31851
31857
31875
31879
31881
31904
3191
31931
31934
3194
31945
32049
3205
32087
32116
32135
3215
32154
32156
32164
32165
32168
32192
32201
32203
32212
3223
32245
32344
32384
32397
324
32408
32410
32439
32458
32473
32475
32481
32505
3252
32568
32573
3258
32600
32639
32642
32643
32666
32676
32686
32701
32755
32774
32781
32796
32806
32815
32819
32833
32843
32853
32861
32871
3289
32909
32912
32931
32935
32957
32984
32985
33044
33049
33070
33071
33085
33099
3310
33112
33139
3314
33145
33149
33163
33167
3317
33177
33193
3320
33256
33267
3327
33276
333
3332
33348
3336
33369
33372
33379
33381
33390
33397
33407
33411
33420
33482
33485
33544
33547
33568
33595
33602
33605
33616
3364
33658
33689
3372
33723
33735
3378
33780
33788
33794
33823
33834
33858
33876
33878
33896
33923
33938
33955
33966
33974
33983
34019
34050
34102
34111
34115
34128
34149
34192
34193
342
3420
34200
34203
34221
34227
34230
34243
34250
34284
3429
34298
34306
34339
34354
34368
34384
34392
34394
34434
34448
34453
34472
34488
34493
34506
34507
3451
34510
34527
3453
34531
34548
34610
34628
3463
34716
34724
34726
34727
34741
34779
34821
34826
34829
34841
34846
34859
34869
34873
34876
3488
34928
34958
34965
34968
35
350
35013
35016
35033
35055
35059
35073
35074
35113
35114
35128
35186
35200
35218
3522
35234
35245
35262
35294
35300
35312
35324
35344
35361
35395
35396
3540
35424
35435
3544
35459
35475
35485
35493
35514
3552
35584
35609
3561
35659
35663
35669
35698
35732
3576
35771
35780
35788
35810
35836
35837
35839
35858
35871
35879
35894
35902
35918
3594
35944
35950
35986
36008
36012
36020
36041
36059
36060
36065
3607
36073
36087
3609
361
36102
36115
36140
36186
362
36209
36234
36242
3626
3629
36290
36308
36355
3636
36373
36377
36450
36478
36488
3652
36529
36537
36542
36562
36603
36606
36630
36648
36671
36687
3669
36690
36718
36723
3677
36781
36784
36793
36798
36812
36826
36830
36837
36867
36868
3689
36899
36909
36963
36971
36973
370
37008
37032
37039
3705
37058
37063
371
37101
3711
37115
37118
37134
37154
37176
37188
372
37207
37241
37251
37310
37338
3734
37346
3735
37356
37357
37366
37369
37371
37372
37385
37390
37407
37408
37417
3742
37428
37446
37452
37461
37472
37475
3748
37483
37503
37557
37575
37590
37607
37611
37617
37620
37625
37673
37675
37679
37682
37688
37692
37696
37714
37736
37737
37742
37750
37785
37794
37818
3783
3784
37850
37851
37887
37893
37943
37946
37949
37957
37967
37968
38008
38025
38030
38046
38082
38088
38102
3811
3812
38124
3813
38137
38143
38159
38164
38174
38178
38196
38226
38254
38266
38272
38294
38307
38357
38375
38396
3842
38420
38422
38434
38462
38477
38494
38501
38530
38535
38558
3860
38659
38661
38670
38699
38703
38710
38729
38757
3876
38761
38765
38767
38773
3878
38786
38788
3880
38823
38854
38871
38886
3889
38899
38909
3891
38926
38930
38948
38954
3897
39
39007
39011
39013
39015
39016
39023
39029
39107
39126
39139
39140
39155
39179
39181
39225
39249
3927
39276
393
39332
39337
39347
39357
39420
39440
39461
39463
39488
395
3953
3959
39600
39617
39633
39642
39693
3971
39719
3973
3974
39763
39768
39789
3982
39839
39853
3986
39894
39904
39905
39914
3992
39940
39946
39963
3998
39987
40017
40034
40053
40056
40073
40076
40086
40102
40111
40149
40158
4016
40163
40165
4017
40175
40179
40182
40205
40217
40233
40239
40271
40290
40318
4032
40345
4035
40364
40368
4038
40416
4044
40469
40480
40517
40521
40522
4053
4054
40556
40565
40569
40571
40573
40601
40617
40707
4071
40710
40712
40713
40728
40749
40751
40773
40781
40817
40855
40871
40901
40929
40953
40960
40967
4097
4100
41005
41065
41071
41082
41090
41108
41151
41171
41194
41195
41216
41226
41231
41252
4127
41306
41312
41325
41345
41438
4144
41468
41476
41477
4148
41504
4153
41534
41541
4156
41578
41580
41607
4166
41670
41712
41719
41743
41766
41774
41779
41783
41794
41797
41810
41822
41824
41846
41864
41880
41883
4189
41918
41926
4194
41970
41982
41988
42047
42067
42076
421
4210
42102
42103
42124
42137
42148
42155
42157
42173
42240
42278
42292
42299
42345
42366
42396
42432
42441
42450
42462
42465
42466
42486
42497
42523
42554
4257
42580
42597
42603
42604
42613
42617
42670
42681
42694
42696
42737
42761
42783
4279
42802
42806
42807
42811
42820
42858
42873
42885
42887
42891
4290
42905
42916
42927
42929
42936
42953
42972
42981
42991
43016
4302
43033
43122
43150
43156
43218
43240
43284
43297
43310
43385
43399
4340
43407
43433
43512
43527
43530
43548
43565
4358
43596
43609
4364
43661
4367
43671
4373
43762
43763
43798
43823
43858
43887
43906
43915
4392
43921
43923
43925
43943
43959
43961
43968
43977
43992
44007
44011
44026
44033
44034
44059
44062
44083
44090
44126
44154
44172
44193
44238
44255
44261
4430
44307
44343
44350
44366
44385
4443
44517
4457
44579
4458
44591
446
44604
4461
44612
44613
44616
44628
44639
44640
44645
44656
44658
44676
4468
44700
44707
44766
44817
44819
44833
44864
4487
44918
44921
44922
44925
44928
44936
44967
45074
45079
45092
45099
45108
45110
45139
45207
45211
45216
45259
45296
45311
45354
45373
45385
45387
45392
45394
45406
45409
4541
45412
45415
45420
45447
45463
45468
4549
45496
45540
45546
4557
45573
45586
45599
4561
45623
45627
45663
45667
45678
4569
45737
45752
45791
45801
45809
45834
45851
45852
45872
45882
45890
45910
45934
45940
45950
4597
4598
46014
46020
46045
4608
4609
46097
46098
4611
4613
4614
46150
46170
46208
46210
46212
46235
46254
46258
46271
46316
46327
46343
46352
4640
4642
46453
46481
46534
4654
46555
46559
4659
46609
46644
46653
46664
46670
46682
4669
46691
46752
46762
46791
46821
46824
46826
46845
46846
4685
46854
46858
46859
46866
46896
46897
4690
46929
46934
46946
46951
46953
46968
46982
47015
47034
47039
47049
47074
47101
47132
47134
4715
47157
47173
47214
47264
47272
473
4730
4731
47324
47331
47345
4736
47377
47395
47399
474
47463
47473
47474
47476
47491
4755
47577
47648
4765
47664
47669
47671
47727
47747
47754
4776
47771
47817
47861
47864
47876
47885
47886
47890
47893
47948
47951
47955
4796
47966
47972
47984
48013
48052
48068
4808
48081
48099
48172
48177
48180
48212
48218
48236
48238
48272
48286
4830
48305
48353
48358
48391
48415
48439
48474
48498
48506
48513
48517
48591
4860
48629
48652
48665
4867
48682
48733
48734
4874
48741
48778
48779
48802
48818
4885
4887
48871
48877
48933
48957
48961
4897
48981
48987
49
49002
49005
49010
49013
49014
49019
49028
49043
49046
49063
49086
49117
49133
49141
49145
49157
49175
49178
49179
49196
492
49207
4922
49227
49236
49248
49251
49285
4929
49296
49304
49316
49338
49345
49346
49377
49379
49396
49431
49436
4946
49463
49465
49484
49489
49490
49525
49528
49543
49566
49590
49604
49613
49632
4967
4969
49703
49706
49721
49727
49733
49735
49778
4979
49831
49880
49899
4992
49924
4994
50008
50045
50049
50050
50069
5008
50093
50099
501
50104
50109
5011
50135
50191
50227
50231
50243
50270
5028
50298
50307
50308
50356
50367
50381
50438
50462
50485
50498
5059
50592
50599
50605
50635
50639
50650
50694
50710
50711
50738
50744
50761
50774
50777
50778
50802
50825
5084
50840
50844
5085
50852
50872
50881
50888
50889
5089
50906
5092
5093
5099
51016
51030
51036
51069
5107
51071
51083
51089
51107
51126
51162
51167
51176
51202
51222
51248
51252
51272
51276
5128
51291
5131
51318
51325
51346
51381
51440
51448
51466
5147
51470
51475
51477
51480
51489
51516
51528
5155
51565
516
51604
51613
51633
51641
51677
51696
51729
51762
51785
51822
51833
51846
51852
51894
51911
5192
51938
5195
51953
5196
51973
5198
51980
51982
5200
52011
52065
52068
52113
52120
52125
5214
52147
5215
52152
52164
52167
52173
5218
52182
52196
52206
52220
52227
5224
52248
52255
52266
52268
52272
52279
52284
52310
52350
52363
5237
52373
52379
52389
52400
5241
5242
52423
52447
52450
52452
52453
52454
52495
52496
525
52522
5253
52543
5255
52559
52563
52565
52590
52613
52615
5265
52657
52658
52659
52687
5269
52691
5270
52714
52745
52755
52804
52812
52818
52821
52829
52832
5285
52854
52857
5286
52873
52888
52897
52909
52983
52997
53030
53035
53040
53043
53044
53064
53079
53085
53101
5314
53142
5320
5321
53259
53265
53281
5329
533
53302
53334
53413
53417
53426
5343
5346
53461
53479
53494
53501
53507
53529
53544
53576
53577
53643
53695
53702
53712
53729
53775
53786
53789
53835
53852
53867
53872
53891
539
53910
53940
53959
53964
53976
53998
54028
54095
54109
54120
54139
54147
54157
54166
54173
54179
54230
54243
54259
54260
54287
54321
54331
54349
54367
54371
54419
54431
54434
54459
5448
5452
54540
54557
5457
54579
54600
54601
54642
54654
54680
54682
54684
54693
54724
54728
54779
5478
54837
54841
54851
54862
54871
54873
5490
54937
54996
55009
55063
5507
55095
55099
55123
55140
55148
55150
55159
55176
55182
55192
55195
55263
55266
55280
55286
55332
55341
55400
55417
55436
55445
55460
5548
55493
55499
55502
55519
55524
55533
55552
55569
55577
55595
5564
55641
55654
55693
5570
55712
55723
55735
55749
55751
55763
55765
55787
55799
558
55839
55864
55915
55924
55957
5597
560
56021
5603
56046
5608
56094
56108
56132
56138
56148
56151
56157
56163
56197
56213
56246
56264
56282
56324
56325
5635
56359
56361
56422
56446
56462
56472
5649
56527
56540
56548
56573
56575
56581
56594
56623
56639
56643
56653
56658
56695
56715
56716
56759
5677
56804
56841
56849
5685
56882
56893
569
56934
56936
56943
56962
56986
57003
57005
57021
57028
5703
57055
57058
57076
57082
57083
57100
5713
57134
57159
57170
57171
5719
57198
57244
57247
57267
57281
57331
57363
57367
57424
57497
57507
5751
57530
57533
57544
57552
57554
57577
57580
57600
57604
57631
57640
5765
57651
57678
57687
57694
57714
5772
57734
57761
57810
57822
57841
57853
5786
57877
57894
57908
57909
57919
57937
57948
57955
57979
57982
58022
58037
58040
58050
58067
58090
58106
58129
58139
5815
5817
58208
58231
58234
58266
58267
58268
58282
58286
58291
58298
58313
5835
58353
58419
58421
58439
5844
58445
58456
58468
5851
58525
58530
58547
58557
58562
58571
58580
58586
5860
58601
58613
58647
5865
58667
58679
58681
58704
58710
58728
58745
58748
58760
58771
58798
58800
5882
58827
58832
58850
58857
5886
58860
58871
58875
58887
58894
58904
58912
58921
58933
58951
58960
58965
58972
58987
59030
59034
59044
5906
59073
59080
59106
59110
59118
59134
59135
59164
59166
59171
59185
59189
59199
59218
59225
59229
59256
59258
59270
59273
59281
59289
5930
59301
59305
59320
59333
5937
594
59404
59440
59447
59462
59465
59490
59497
59499
59508
5951
59517
59568
59582
59602
5961
59632
59636
597
59702
59721
59724
59735
59746
59747
59754
59782
59813
59818
59849
59870
59882
59914
59921
59923
59940
59945
59949
59957
59958
59967
5998
59990
60001
60016
60027
6003
60038
60085
60105
60168
60180
60186
60192
60198
60205
60218
6022
6024
6025
60278
60279
60288
60302
60307
60346
60367
6037
60383
6040
60418
60426
60476
60479
60493
60530
60532
60549
60564
60609
60621
60622
60631
60696
60705
60717
6072
60721
60731
60758
6078
6080
60808
60849
60868
60886
60890
60899
60915
60933
60947
60960
60971
60981
60996
61005
6101
61044
61069
6107
61071
61087
61103
61113
61130
61143
61147
61163
6120
61224
61249
6126
61294
61298
61305
61313
61348
61353
61360
61381
61406
61411
61541
61560
61574
61585
61587
61593
61598
61611
61619
61636
61651
61664
61671
61675
61682
61718
6172
61721
61727
61744
61764
61765
61774
61777
61784
61787
61792
618
61803
61807
61811
61822
61830
61841
61858
61859
61862
61872
61874
61889
61901
61903
61913
61919
61927
6193
61937
61939
61955
61997
62
62009
6204
62042
621
62153
62162
62168
62171
62214
6222
62223
62239
62255
62263
62301
62302
62328
6233
6234
62357
62360
62370
62372
62377
62382
62400
62419
62430
62437
62438
62453
6246
62482
62490
62508
62524
62534
62561
6257
62610
62615
62641
62655
62666
62670
62686
62715
62723
62738
62777
6279
628
62864
62880
62888
62893
62910
62911
6293
62932
6296
62979
62985
62994
6304
63042
63048
63075
63095
6313
63131
63153
63168
63174
6318
63300
63308
63323
63383
63389
63400
63412
63414
63429
63455
6347
63475
63480
63486
63491
63497
63513
63517
63531
63543
63571
63577
63583
6359
63618
6364
63692
63712
63720
63727
63748
63755
63778
63787
63790
63799
63815
63817
63833
63872
63873
63889
63898
63903
63934
63962
63963
6397
63973
63991
64029
64033
64058
6409
64098
64120
64136
64178
64180
64222
64224
64227
64293
64305
64306
64309
64315
64329
64370
64377
64380
64393
64398
64414
64434
64441
64461
64476
64477
64487
64507
64528
64536
64542
64549
64560
64573
64578
64581
64638
64639
6466
64662
64694
64712
64746
6477
64771
64772
64779
64874
64878
64897
6490
64910
6493
64942
64962
64965
64983
65017
6503
65079
65083
65087
65094
65102
65103
65128
65160
65162
65166
65196
65220
6523
65283
65304
65316
65329
65365
65375
65385
65399
65400
65414
6543
65444
6545
65473
655
65502
65510
65512
65515
65539
65556
65575
65591
65612
65613
65619
6564
65648
65662
65684
65716
65737
6575
65757
65777
65795
65804
65844
65847
65850
65890
65898
65908
65918
65922
65969
66020
66026
66029
66035
66047
66064
66074
66079
66081
66094
6611
66122
66129
66138
66187
66239
66267
66271
6630
66308
66310
6632
66338
66355
66373
66382
66395
66408
66409
6641
66429
66445
66462
66471
66486
66548
66552
66561
6662
66629
66639
66672
66719
6672
66769
6677
66771
66798
668
6680
66808
66834
66849
6685
66850
66856
66858
66862
66889
669
66922
66934
66973
66979
66982
6699
66991
67019
67034
67041
67044
67077
67092
67100
6713
67138
6716
67166
672
67226
67244
67251
6729
67315
67316
67317
67325
67341
67352
67371
67407
67409
6741
6742
67430
67460
6749
67493
67503
67514
67551
67573
67579
6759
67635
67645
67684
67695
67708
67719
67741
6778
67796
678
67820
67858
67903
67905
67910
67931
67943
67978
67988
68032
68041
68049
68166
68181
68196
68204
68210
68248
68265
68267
68299
68302
68351
68386
6841
68432
6844
68448
68499
6852
68532
68549
6856
68562
68569
68576
68603
68641
68643
6865
68676
68695
68731
6876
68775
68788
6879
68790
68806
68808
68812
68828
6883
68842
68867
68869
68915
6893
68938
6895
6896
68961
68970
68983
68988
69004
69013
69022
69023
69027
69055
69082
6914
69159
69161
69169
6917
69200
69230
69234
69246
69262
69274
69285
69324
69347
69377
69388
69414
69430
69447
69457
69460
69477
69489
69492
69494
69496
69510
69519
6953
69537
69568
69570
696
6964
69690
6971
69711
69744
69798
69822
6985
69869
69883
69884
69906
69929
69941
6995
69951
69983
69995
70006
70012
70019
7002
70022
70024
70065
70075
70133
70140
7015
7016
70230
70236
70246
70262
70265
70276
70288
70295
70334
70365
70366
70420
70438
70446
7046
70461
70511
70521
70537
70552
70569
70586
70602
7063
70652
70662
70665
70669
70675
7068
70706
70715
70727
70734
70759
70774
7079
70797
70806
70837
70865
70866
70921
70941
70960
70969
70984
70997
710
71005
7106
71081
71087
71115
71131
71142
71167
71177
71218
7122
71279
7128
71287
7129
71320
71338
7136
71360
7137
7138
71387
7139
71443
71449
71453
71454
71459
7147
71474
71489
7150
71501
71508
71526
71544
71557
71592
7160
71615
71637
71649
71652
71667
71678
7173
71758
71772
71788
7179
71792
71804
71805
71809
71851
71855
7190
71911
71925
71932
71949
71951
71963
71970
71974
71987
72031
7207
72082
72110
72124
72160
72163
72165
7217
72182
72195
72201
72203
7224
72248
7225
72262
72268
72273
72295
72327
72333
72348
72363
72368
72377
7238
72386
72395
72406
72411
72428
7243
72441
72456
72463
72480
72491
72497
72511
72520
72556
72558
72612
72618
72680
72693
72710
72756
72758
72774
728
72803
72812
7290
72966
72980
72991
730
73005
73010
7303
73062
73090
73095
7310
73114
73179
73189
732
73209
73210
73236
73237
73242
73265
73277
73279
733
73333
73354
73376
73377
73397
7341
73412
73421
73470
73485
73521
73540
73559
73584
73616
73624
73652
73669
73676
73679
73722
73731
73735
73747
73762
73799
738
73807
73811
73839
73849
73855
73860
73861
73877
73886
73888
73901
73939
73940
73948
73974
73980
73994
74038
74043
74048
74063
74073
74099
74119
74132
74133
74146
74149
74161
74167
74200
74206
74214
74227
74252
74260
74290
74295
74299
7431
74313
74323
74324
74338
74350
74370
7439
74401
74458
74494
74503
74524
74536
7454
74586
74597
746
74627
74629
74638
74643
74647
7465
74666
74674
74678
74682
74717
7472
74723
74760
74768
74782
74789
7479
7480
74813
74833
74842
74857
74860
74875
74939
7496
74975
74999
7500
75014
75055
75068
75073
7508
75083
75090
75094
75096
75103
75136
75163
75173
75197
7520
75205
75208
75219
75260
75279
75281
75300
75307
75322
75340
75369
75370
75380
75394
75402
75416
7543
75452
75453
75458
75464
75471
75473
75509
75517
75534
75539
75549
75556
75579
7559
75595
75599
75618
75623
75627
7564
75654
75656
75674
75704
75717
75735
75747
7575
75782
75815
75833
7585
75854
75905
75906
75922
75936
75944
76048
76061
76093
761
76156
7617
76198
76211
76222
76233
76251
76252
76258
76305
7631
76315
76329
7635
76365
7637
76402
76414
7644
76464
76482
76501
76502
76506
76522
76529
7654
76555
76574
76575
76581
7659
76592
76597
76613
7663
76661
76673
76687
7669
76690
76692
76705
76716
76743
76757
76771
7681
76820
76836
76843
76851
76856
76869
76870
76891
76901
76902
76916
76921
76922
76952
76963
76967
77
77032
77043
77060
77082
77086
77100
77116
77123
77124
77147
77152
77153
77163
77238
7728
77297
77321
77327
77345
77369
77373
77385
77422
77475
7750
7752
77530
77535
77552
77567
77595
77596
776
77665
77666
77673
77694
77714
77770
77797
77799
7782
77846
77849
77859
77875
77893
77957
77979
77982
7799
77991
77995
78011
78066
78081
78091
78097
781
78140
78154
78206
78209
78212
78237
7825
78283
7829
78291
78292
78316
78318
78351
78376
78382
7839
78418
78491
78517
78518
78521
7853
78530
78542
78545
78549
78552
78566
78581
7863
78679
78705
78726
78730
78776
78807
78810
78819
78825
7886
78871
78877
78878
78898
78907
78923
78925
78936
78953
7896
78975
78992
79005
79007
79043
79050
79062
79067
79085
79089
79099
79100
79126
79155
79168
79196
7920
79224
79270
7929
79298
79311
7938
79397
79399
79403
79406
79419
79421
79422
79455
795
79507
79513
79515
79516
79517
79542
79558
79564
79586
79596
7960
79608
79614
79631
79669
79673
79679
79687
797
79701
79747
79761
79772
79775
79797
79805
79825
79830
79837
79861
79865
79904
79907
79937
79939
79983
79996
80009
80039
80151
80166
80175
80184
80190
8020
80251
80286
80293
80306
80320
80327
80346
80377
80378
80382
804
80402
80416
80432
80448
80450
80474
80482
80491
80507
8052
80521
80530
80547
8058
80592
80609
8061
80622
80632
807
80700
8071
80714
80717
8073
80730
80745
80748
80793
80819
80825
80829
80864
80869
80870
80873
80885
80913
80914
80921
80940
80984
80995
80997
80998
81001
81021
81044
81050
81079
81083
81127
81128
81163
81166
81187
81234
81238
81245
8127
81280
81289
8137
81376
81381
81387
8139
81409
81411
81421
81430
81435
8146
81461
81490
81492
81550
81584
81619
81626
81639
81652
81655
81673
81676
81714
81751
81805
81808
81830
81867
81868
81886
81933
81935
81996
81999
82
82002
82004
82010
82013
82019
82027
82042
82048
82050
82061
82066
82097
82115
8216
82173
82179
82219
8222
82232
82246
82254
82306
82317
82324
82338
82347
82353
82383
82399
82400
82403
82412
82440
82450
82467
82479
82480
82490
82499
82529
82551
82567
82573
82589
82628
82639
8266
82665
82673
82702
82723
82724
82738
82743
82762
82797
8280
82812
82838
82859
82862
82872
82882
82890
82891
82892
82897
82899
82908
8293
82937
82942
8295
8298
83017
83023
83069
83077
83102
83111
83130
83132
8314
8316
83166
83189
83204
83238
8324
83257
83277
83285
83331
83333
83338
83346
83347
83351
83360
83364
8337
83382
83384
83389
83417
83428
83434
83437
83441
83448
83465
83543
83597
8360
83616
83637
83677
83709
83751
83759
83781
83791
83823
83828
83847
83880
83895
83909
83967
83971
83980
83986
84000
84015
84043
84070
84079
84092
84117
84132
84143
84146
84172
84216
84224
84234
84246
84269
84281
84309
8432
84321
84359
8437
84374
8438
84384
84397
8442
84436
84446
84508
84510
84520
8454
84574
84579
84581
84596
84638
8469
84703
84710
84719
84730
84731
84763
84773
84804
84836
84843
84900
8491
84918
84933
84959
84981
85019
85023
85031
85058
85059
85094
8514
8516
85162
85260
85264
85288
85294
85323
85345
85347
8537
85371
85396
85409
8544
85466
85469
85481
85492
85497
855
85525
85543
85557
85574
85597
85651
85686
85706
85758
85784
85800
85804
85807
8581
85814
85852
85868
85884
85925
85953
85999
8600
86009
86031
86073
86179
86200
86208
86261
86325
86345
86360
86367
8637
86393
86415
86420
86435
86445
86457
86462
86484
8649
86493
86495
86497
8657
86570
86590
86599
8660
86651
86673
86677
86697
86698
86768
86774
86784
86796
8680
8681
86811
86882
86930
86937
86948
86957
86961
86965
86974
86995
8701
87038
87041
87050
87054
87055
87061
87062
87078
87099
87119
87166
87178
87179
87183
87188
87201
87224
87227
87235
87265
87290
87310
87312
87340
87350
87394
87411
87419
87422
87423
87424
87448
87515
87523
87527
87531
87544
87563
87565
87590
87602
87606
87691
87708
8772
87744
87753
87759
87761
87790
87797
87798
878
87806
87815
8782
87835
87858
87919
87958
87960
87961
87962
88035
88043
88057
8807
88077
88143
88249
88262
88263
88315
8832
8835
88375
8838
8840
88405
88407
88471
88513
88523
88528
88544
88563
88595
88623
88676
88687
88688
88689
88693
88717
88743
88793
88795
88797
88821
88824
88858
88883
8889
88914
88918
88936
88997
8901
89101
89120
8913
89138
89155
89226
89230
8926
89297
89323
89336
89429
8943
89434
89439
89462
89486
89500
8956
89563
89598
8966
89675
89694
89716
89741
8975
89750
89757
8984
89840
89859
89860
89865
89899
89907
89953
8996
89976
89982
90013
90035
90064
90110
90111
90123
90136
90140
90194
90196
9020
90208
90212
90231
90289
9029
90327
90330
9035
90351
9036
90361
90389
90398
90400
90436
90455
90524
9054
9058
906
90608
90612
90629
9063
90630
90657
90669
90676
90681
90700
90704
90708
90749
90759
90777
90810
90831
9096
90969
90979
90997
91055
91101
91129
91144
91156
91169
91177
91183
91185
91187
91208
91240
91256
91273
91284
91297
91314
91315
91325
91334
91403
91407
91424
91429
91479
9149
91511
91524
916
91621
91637
91660
91670
91694
91711
9172
91733
91753
9177
91771
91779
91803
91809
91842
91850
91857
91861
9188
91881
91888
91933
91943
91963
91978
92040
92061
92130
92137
9219
92241
92244
92260
92304
92315
92333
92339
92359
92363
92374
9243
92431
92449
92450
92464
92475
92491
92498
92508
92519
9254
92552
92627
92631
92647
92653
92675
92687
927
92719
92750
92751
92769
92780
92809
92845
92847
9285
92874
929
92910
92964
93035
9304
93063
93086
93105
9312
93126
93137
9315
93164
9317
93178
93181
93185
93192
93203
93265
93283
93297
93306
93333
93348
93383
93388
93404
93408
9343
93444
93462
93469
93479
93491
93497
93541
93595
93630
93637
93650
937
93705
93712
93724
93734
93741
93742
93753
93754
93756
93772
93781
93782
93844
93883
93911
93914
93953
93971
94014
94077
94089
9410
94100
94119
9415
94154
94158
94167
94169
94170
94198
94205
94233
94238
94241
94255
94294
94320
94338
94344
94356
94360
94370
94384
94408
94424
94434
94496
94516
94551
94555
94560
94591
94596
94598
94636
94720
94725
94727
94729
94732
94737
94768
94832
9484
94874
94886
94888
949
94901
9491
94942
9495
94959
94965
95005
95030
95049
95050
95056
951
95130
95149
95161
95177
95181
95188
95206
95209
95213
95214
9530
95325
95329
95359
95363
95377
9540
95417
95420
95454
95460
95502
95514
95516
95520
95521
95556
95580
95583
95596
95604
9561
95635
95641
95648
95667
9574
95773
95780
95833
95853
95856
95860
95864
95869
9587
9588
95893
95906
95912
95928
95947
95964
95983
96009
96019
96023
96044
9605
96073
9612
96120
96121
96138
96148
96173
96176
96212
96229
96248
96255
9626
96260
96308
96321
96323
96349
96385
96396
964
96401
9643
96467
9647
96560
96582
96623
967
96702
96712
96713
96739
96741
96755
96759
96761
96763
96769
9678
9679
96800
96831
96843
96852
96863
96877
96912
96915
96924
96925
96934
96944
9696
970
9702
97030
9704
9708
97081
97101
97129
9714
97141
97155
97187
97239
97246
97256
97274
9729
97290
97335
97367
97370
97371
9738
97387
97401
97413
97432
97434
97458
97498
97500
97529
97560
9759
97597
9761
97655
97662
97688
97691
9772
97730
97746
97751
9777
97827
9785
9786
9787
97870
97887
97917
97974
97991
98085
9809
98098
98114
98123
98128
9816
98176
98183
98211
98212
98237
9824
98269
98272
98312
98314
9836
98379
98382
98385
9840
98408
98424
98436
9844
98465
98496
98514
98552
98573
9859
98634
98686
9870
98739
98747
98754
98770
98785
98790
98795
98805
98814
98850
98853
98873
98880
98890
98892
9894
98983
98993
9904
99058
99082
99084
99113
9915
99164
99200
99212
99230
99251
99265
99276
99278
99302
99321
99335
9934
99398
99402
99403
99421
99447
99491
99503
99569
99580
99616
99617
99618
9962
99630
99638
99691
997
99713
99714
99749
99752
99757
99794
99803
99816
99825
99840
99852
99855
99868
99879
99945
99950
99955
99960
99996
